,State,Year,Jan,Feb,Mar,Apr,May,Jun,Jul,Aug,Sep,Oct,Nov,Dec
0,Arizona,2011,43.43,43.47,55.13,60.85,64.73,77.2,81.78,83.1,75.97,64.51,50.95,41.62
1,Arizona,2012,47.07,47.43,52.98,62.06,70.54,79.83,80.59,81.37,74.75,65.3,55.55,44.38
2,Arizona,2013,40.7,43.82,56.39,60.93,68.75,80.61,81.56,79.45,73.69,60.6,53.01,43.69
3,Arizona,2014,48.32,51.81,55.49,60.61,68.13,79.08,82.02,77.4,75.22,66.25,53.14,46.07
4,Arizona,2015,46.73,53.59,57.71,59.79,64.23,79.58,79.49,81.71,75.97,65.82,50.15,42.79
5,Arizona,2016,43.6,52.39,56.54,59.89,65.99,81.15,83.19,78.46,72.79,67.61,54.63,46.73
6,Arizona,2017,44.15,50.91,58.27,61.56,67.47,80.82,82.02,79.91,73.74,66.87,59.43,48.35
7,Arizona,2018,49.27,48.64,54.09,64.39,69.83,79.57,82.84,80.89,77.09,61.47,51.03,44.57
8,Arizona,2019,44.31,42.84,53.21,61.54,62.22,76.47,82.79,82.68,74.87,61.79,53.75,44.2
9,Arizona,2020,45.52,47.41,52.39,60.67,71.74,77.97,83.66,84.89,76.75,67.59,55.29,43.86
10,Arizona,2021,44.49,48.19,51.05,62.66,69.21,81.59,81.6,80.01,75.63,61.57,57.27,47.54
11,Arkansas,2011,37.5,43.78,52.47,63.43,67.25,81.65,84.71,83.07,70.24,60.59,53.42,43.31
12,Arkansas,2012,44.55,47.11,62.17,64.33,73.21,78.01,84.16,80.19,73.43,59.32,50.15,46.39
13,Arkansas,2013,42.03,43.29,46.58,58.5,67.16,77.11,77.95,78.4,75.34,61.5,47.45,39.99
14,Arkansas,2014,35.16,38.69,46.49,59.63,68.13,76.64,75.42,78.67,72.59,63.69,44.85,43.72
15,Arkansas,2015,38.55,36.01,49.67,62.42,69.24,78.11,81.92,78.03,74.79,63.45,54.17,49.9
16,Arkansas,2016,39.43,46.89,55.45,62.47,67.11,78.95,82.03,79.93,75.73,67.01,55.65,42.42
17,Arkansas,2017,45.16,52.41,55.64,64.12,67.7,75.51,80.55,76.84,73.16,62.91,53.63,42.33
18,Arkansas,2018,35.62,45.81,53.81,55.13,75.02,80.08,81.77,78.75,74.95,62.53,45.73,44.08
19,Arkansas,2019,40.66,45.92,48.85,60.75,70.51,75.6,78.98,80.29,79.67,60.79,46.27,45.61
20,Arkansas,2020,43.84,44.38,56.41,58.74,66.76,76.39,81.32,77.77,71.75,59.38,53.96,42.58
21,Arkansas,2021,41.29,34.6,55.1,58.25,66.65,76.76,79.25,80.55,74.18,65.38,49.23,53.07
22,California,2011,45.28,43.71,47.8,52.15,55.95,64.2,71.05,71.62,70.37,60.36,48.25,43.59
23,California,2012,46.44,46.64,47.88,54.36,61.66,66.4,71.61,74.53,70.49,61.12,52.14,43.14
24,California,2013,42.57,45.56,52.69,57.32,62.12,69.39,74.67,71.58,67.34,58.2,52.15,44.37
25,California,2014,50.34,49.25,53.05,56.65,63.2,69.28,75.38,72.55,70.13,63.47,52.92,47.59
26,California,2015,48.94,52.95,56.41,55.78,59.39,71.63,72.88,73.48,70.3,64.58,47.69,42.78
27,California,2016,45.14,51.87,51.71,57.13,61.11,70.37,73.32,73.03,68.02,58.99,52.35,43.59
28,California,2017,42.52,47.06,52.38,54.08,62.05,69.89,75.52,75.23,68.88,61.15,52.41,47.49
29,California,2018,48.56,46.92,48.3,55.27,61.08,68.68,76.36,72.9,68.42,60.7,52.8,45.24
30,California,2019,46.72,41.09,48.46,57.24,57.57,69.08,72.53,74.05,67.33,58.61,53.02,45.35
31,California,2020,45.49,49.73,47.87,55.78,62.77,68.47,73.48,76.07,72.16,65.76,50.57,46.08
32,California,2021,45.97,47.52,48.01,56.87,62.97,71.66,76.5,74.26,70.2,57.56,53.83,43.39
33,Florida,2011,53.64,60.9,65.94,72.41,75.87,82.14,82.54,83.66,79.35,69.8,65.54,61.83
34,Florida,2012,58.62,63.39,69.92,70.84,77.36,79.12,82.31,81.34,79.23,72.65,61.31,61.16
35,Florida,2013,63.11,60.91,58.34,70.75,73.65,80.96,80.65,82.0,79.71,73.29,66.08,63.65
36,Florida,2014,53.18,61.69,62.56,69.96,75.62,80.23,81.63,82.77,79.46,72.08,60.06,61.03
37,Florida,2015,57.44,55.44,68.83,74.69,77.27,81.61,82.79,82.32,79.63,73.81,71.45,68.76
38,Florida,2016,55.87,58.53,68.1,70.67,75.89,81.8,83.9,82.87,80.88,74.11,65.9,64.9
39,Florida,2017,62.08,64.78,65.66,71.9,76.7,79.92,82.6,82.62,79.96,74.4,66.54,60.74
40,Florida,2018,53.78,68.51,62.36,69.48,76.28,81.44,82.21,82.03,82.25,76.03,65.64,60.88
41,Florida,2019,57.49,66.73,64.9,70.63,78.67,82.16,82.64,82.79,81.81,77.37,63.91,63.0
42,Florida,2020,61.02,62.66,70.62,72.41,75.52,80.81,82.94,82.97,80.34,76.69,70.11,56.62
43,Florida,2021,57.79,62.68,67.1,69.3,75.97,80.84,82.0,82.53,79.47,74.73,62.43,65.86
44,Illinois,2011,23.27,30.85,42.08,53.68,62.4,73.21,80.12,75.06,63.84,55.39,46.13,36.24
45,Illinois,2012,32.42,36.28,55.9,54.95,68.38,72.8,82.05,73.9,65.15,52.74,41.4,37.24
46,Illinois,2013,29.71,30.44,34.75,50.57,64.0,71.73,73.25,72.97,68.81,54.8,39.08,26.84
47,Illinois,2014,19.91,20.28,34.93,52.86,63.96,73.21,70.51,74.02,64.99,54.7,34.98,34.27
48,Illinois,2015,26.26,19.94,38.74,54.68,65.1,72.04,74.59,72.06,70.47,56.29,46.95,41.56
49,Illinois,2016,27.31,34.27,47.68,53.42,62.19,75.01,75.94,75.89,70.96,60.23,48.23,29.43
50,Illinois,2017,32.73,41.5,43.65,56.84,62.32,72.84,76.35,70.81,68.96,58.26,42.37,30.24
51,Illinois,2018,24.45,32.52,39.69,45.24,70.96,75.15,75.32,74.89,70.6,54.58,35.95,34.86
52,Illinois,2019,26.15,30.09,37.78,52.96,62.96,71.12,77.47,73.14,71.96,54.05,36.5,36.11
53,Illinois,2020,32.36,32.45,44.97,50.0,60.81,73.76,77.51,73.01,65.91,52.32,47.35,33.4
54,Illinois,2021,29.96,21.37,46.64,52.81,61.31,74.24,74.88,75.64,69.59,60.53,41.17,40.62
55,Maryland,2011,29.86,37.83,43.92,56.95,66.11,74.38,79.96,75.38,69.26,56.23,49.74,42.06
56,Maryland,2012,37.71,40.74,52.91,54.49,67.9,72.08,80.14,76.19,68.14,57.82,42.86,42.49
57,Maryland,2013,36.52,34.78,40.0,54.6,63.07,73.0,78.12,72.71,66.27,58.42,43.53,38.88
58,Maryland,2014,28.0,33.05,38.44,52.89,64.44,72.54,75.04,72.06,68.36,58.49,43.0,39.83
59,Maryland,2015,30.91,25.56,39.51,54.27,67.9,73.36,76.19,74.29,71.18,55.84,50.76,48.93
60,Maryland,2016,32.37,37.14,49.6,53.28,61.12,72.48,78.67,78.33,71.79,59.59,47.94,38.3
61,Maryland,2017,38.48,43.9,43.38,59.77,62.37,72.95,77.74,73.15,68.54,61.48,46.0,35.52
62,Maryland,2018,31.32,41.78,39.58,51.0,68.98,72.34,76.61,77.51,72.95,59.24,43.69,39.49
63,Maryland,2019,34.19,37.75,42.35,58.01,67.48,72.87,78.93,75.95,71.66,60.56,42.82,39.07
64,Maryland,2020,39.35,41.19,49.51,51.88,60.78,73.01,80.4,76.9,67.57,59.2,51.16,38.6
65,Maryland,2021,35.76,34.73,47.54,55.27,62.62,73.52,77.62,77.53,69.95,63.35,44.97,44.32
66,New York,2011,20.34,23.84,32.68,46.31,58.97,66.23,72.79,68.75,63.74,50.79,44.35,33.57
67,New York,2012,27.99,31.68,44.74,45.4,61.4,65.66,72.7,69.67,61.28,52.04,37.06,33.35
68,New York,2013,26.22,25.15,32.05,44.8,58.07,65.29,72.5,66.99,59.65,52.16,36.07,27.52
69,New York,2014,18.67,20.5,25.94,44.79,57.74,66.16,68.71,66.51,61.51,52.5,36.63,31.9
70,New York,2015,18.38,11.45,27.33,44.79,62.01,64.22,69.47,68.91,66.18,49.01,44.19,40.9
71,New York,2016,25.45,28.63,39.58,42.95,56.68,65.39,71.81,72.24,64.35,51.87,41.74,29.29
72,New York,2017,29.57,32.5,30.2,50.09,55.05,65.25,69.46,66.91,63.55,56.15,37.84,24.8
73,New York,2018,21.05,31.22,31.3,39.35,61.23,64.7,72.22,71.66,64.84,49.32,34.97,30.51
74,New York,2019,21.63,26.2,31.37,46.09,55.53,64.22,72.31,68.06,61.87,51.69,34.54,29.03
75,New York,2020,29.57,28.79,38.93,42.34,55.13,66.5,74.12,70.02,61.05,50.57,43.45,31.24
76,New York,2021,25.96,23.55,36.77,46.92,55.86,68.22,69.19,71.63,63.22,56.15,38.51,34.8
77,Texas,2011,44.62,48.68,61.39,70.02,73.83,85.19,87.35,88.62,77.88,66.86,57.01,46.37
78,Texas,2012,50.56,51.78,63.46,70.09,75.63,82.08,83.69,83.8,76.81,65.56,58.8,51.07
79,Texas,2013,48.07,51.58,56.78,62.63,72.35,81.7,81.53,83.47,78.64,66.68,52.84,44.61
80,Texas,2014,44.17,47.65,54.36,65.15,71.88,80.25,81.59,82.84,76.69,69.63,51.52,50.69
81,Texas,2015,43.97,47.7,56.14,66.71,71.6,79.4,83.39,83.32,79.28,69.26,57.49,51.75
82,Texas,2016,46.38,54.29,61.18,66.01,71.41,80.14,85.39,81.91,77.92,70.94,61.33,49.48
83,Texas,2017,50.82,58.52,63.44,67.04,71.81,80.33,83.82,80.83,76.53,66.59,60.35,47.76
84,Texas,2018,43.56,51.85,61.61,62.39,77.88,83.79,84.72,83.28,76.57,65.53,51.9,48.31
85,Texas,2019,47.04,51.61,55.32,64.81,72.51,79.01,82.76,85.87,81.84,65.11,52.94,50.64
86,Texas,2020,50.78,49.33,63.29,64.67,74.16,80.48,85.14,84.36,74.23,65.62,60.49,48.6
87,Texas,2021,47.33,43.24,59.52,63.49,71.47,80.07,81.02,82.19,78.27,69.83,57.13,59.26
88,Utah,2011,24.84,27.13,37.37,41.47,48.83,60.98,69.65,70.4,61.49,48.67,34.63,26.08
89,Utah,2012,30.05,30.19,41.24,47.88,55.82,66.44,71.31,71.14,61.97,49.22,40.2,26.74
90,Utah,2013,19.8,26.37,39.21,42.91,54.24,66.83,72.52,69.2,59.73,45.1,37.09,22.58
91,Utah,2014,29.43,34.11,39.45,44.92,54.85,63.56,72.46,65.77,62.34,51.76,36.39,30.67
92,Utah,2015,31.68,37.65,43.46,45.47,52.16,68.18,67.98,68.96,63.75,53.06,33.3,25.64
93,Utah,2016,25.92,32.73,40.48,46.43,52.63,68.69,71.65,68.43,59.49,51.63,40.59,26.14
94,Utah,2017,24.63,34.91,43.74,44.16,53.89,67.16,73.2,69.68,58.92,46.56,41.77,30.52
95,Utah,2018,32.1,30.81,37.73,47.1,56.4,66.84,74.09,70.41,64.07,46.13,33.86,26.35
96,Utah,2019,26.05,25.97,36.36,46.7,48.94,61.5,71.28,70.72,61.1,41.21,37.36,27.75
97,Utah,2020,27.99,29.38,39.12,45.56,56.86,62.97,71.59,73.72,62.19,51.09,37.54,26.74
98,Utah,2021,27.35,30.45,36.94,45.5,55.2,69.87,74.29,68.82,62.67,46.65,41.63,30.1
99,Washington,2011,33.94,32.73,39.73,41.21,49.15,55.95,61.25,64.79,61.4,48.28,36.85,32.6
100,Washington,2012,32.73,36.15,38.79,46.81,51.48,55.46,64.9,66.15,59.91,48.34,40.58,34.29
101,Washington,2013,30.87,36.95,41.36,45.58,53.97,59.18,66.89,66.27,60.09,46.87,38.22,29.96
102,Washington,2014,35.58,31.74,41.54,46.75,54.92,58.63,68.35,67.38,60.49,52.98,37.95,36.01
103,Washington,2015,36.92,42.15,45.78,46.5,56.25,65.32,68.5,66.71,56.76,53.25,37.4,34.24
104,Washington,2016,34.92,40.8,43.01,52.14,55.59,60.21,63.82,65.99,56.99,48.64,44.38,28.22
105,Washington,2017,26.99,33.07,40.7,45.19,54.17,59.78,66.76,68.45,60.35,47.22,39.33,31.76
106,Washington,2018,37.21,34.04,40.02,46.29,57.76,58.59,67.51,66.15,57.0,48.4,40.13,34.9
107,Washington,2019,35.96,27.44,37.81,47.24,56.03,59.79,64.02,66.48,57.87,43.89,38.99,35.44
108,Washington,2020,36.15,36.9,39.34,46.89,53.99,58.27,64.69,65.71,61.71,49.32,39.11,35.55
109,Washington,2021,36.26,33.01,40.64,47.61,53.22,64.76,69.19,65.94,58.64,47.61,41.43,31.22
